00005 11
00011 9
00012 8
00016 8.5
00020 8.5
00022 9
00029 9
00045 7.5
00047 6.5
00059 6
00060 8
00118 6
00163 5
00192 6.5
00202 9.5
00204 7
00271 6
00340 8.5
00424 7
00426 6
00447 6
00574 5
00622 5
00669 6.5
00671 8
00694 3.5
00703 7
00727 6
00733 5
00741 6
00746 6.5
00801 8.5
00809 9.5
00815 7
00829 6.5
00876 5
00877 5
00893 6.5
00953 7
01000 6
01001 5
01245 6
01314 5.5
01316 7.5
01359 5
01389 7.5
01428 7
01510 9
01575 5.5
01589 6
01613 8.5
01616 8
01642 7
01646 7
01668 7.5
01680 7.5
01684 8
01716 8
01804 8.5
01807 5.5
01982 7.5
02121 8.5
02122 8.5
02123 8
02124 8
02142 6
02144 6
02173 6.5
02174 5.5
02253 6.5
02255 5
02328 8.5
02403 5
02422 7
02481 4.5
02741 8.5
02801 7
02802 5.5
02825 5.5
02826 8
03047 6
03048 6.5
03081 7
03129 6
03131 6.5
03158 7.5
03229 7.5
03230 6
03271 7.5
03307 5
03504 7
03530 7.5
03577 7
03597 6.5
03598 5
03615 8.4
03616 6.5
03669 9
03819 6.5
03835 6
03890 8
03892 6
04070 7.5
04071 5.5
04138 6.5
04139 5.5
04159 5
04216 7
04254 5.5
04255 7.5
04322 5
04327 6.5
04362 6.9
04369 7.5
04370 5.5
04391 7.5
04394 5
04418 6.5
04419 6.5
04420 5.5
04564 7
04578 7
04579 5
04588 8
04589 5.5
04597 6.5
04598 6.5
04614 6
04675 6.4
04719 7.5
04783 7
04784 5.5
04786 5
04793 8
04794 5
04799 6.5
04800 6.5
04814 5
04922 9
04964 6.5
05051 7
05105 7
05117 5.5
05118 5
05174 7
05175 5
05181 7.5
05204 5.5
05205 5.5
05218 7
05239 5.5
05398 7
05555 8
05557 7.5
05560 5
05580 7.5
05581 8
05614 8.5
05615 6
05678 9.5
05679 5
05680 8.5
05681 8.5
05682 8.5
05683 7.5
05685 5.5
05705 6
05707 5.5
05721 6
05729 7
05730 5
05731 6
05732 5.5
05846 7
05847 6.5
05854 5.5
05907 7
05917 5.5
05918 5
06019 7
06020 5.5
06059 7
06061 5.5
06073 6.5
06079 6
06080 5.5
06125 7.5
06126 6.5
06127 7
06149 6
06153 6
06154 6.5
06155 5
06207 5.5
06212 5.7
06217 7
06218 8
06235 7.5
06237 7
06256 6
06257 5.5
06271 7
06275 6.5
06305 6.9
06306 7
06318 6
06320 6.5
06323 7
06324 5
06350 7
06380 6.5
06392 6
06393 5.5
06659 6.5
06660 5.5
06683 7.5
06691 5.5
06708 6
06779 3.5
06826 5.5
06829 6
06853 5.5
06921 6
06965 7
06966 5.5
06993 5.5
07003 7
07004 5
07005 7
07009 6
07032 7
07095 8
07209 6
07210 5.5
07273 7.5
07274 6
07275 6
07284 7
07291 6
07297 6.5
07318 5.5
07337 8
07338 5
07350 6.5
07363 6
07364 5.5
07376 6
07411 6.5
07426 6.5
07433 7.5
07434 5.5
07443 6.5
07477 5.5
07490 6
07493 5.5
07529 7.5
07574 6
07575 5.5
07578 6.5
07594 6
07615 8
07616 6.5
07647 8.5
07665 7
07686 7.5
07714 5.5
07715 5.5
07718 7
07727 5.5
07734 7
07735 5
07737 6
07769 6.5
07816 7
07831 7
07924 6.9
07946 6.5
07964 6
08026 6
08027 5.5
08063 5.5
08073 6.5
08132 7
08133 5
08293 6
08294 5.5
08295 7.5
08311 7.5
08326 7
08343 6.5
08344 5.5
08421 6
08458 7.5
08459 6
08473 6
08482 6
08516 6
08519 6
08520 5.5
08597 5.5
08615 7
08646 7.5
08688 8
08709 5.5
08744 7
08746 6.5
08747 6.5
08774 6.5
08799 6
08800 5
08818 7.5
08835 7.5
08836 7.5
08845 7
08846 5.5
08874 5.5
08884 8
08897 7.5
08916 5
08918 6
08923 7.5
08924 6
08956 6
09013 5
09022 6.5
09023 5
09044 6
09057 9
09062 6.5
09063 6.5
09415 6.5
09443 6.5
09444 6
09468 8.3
09481 6.5
09482 5.5
09486 6
09494 7
09510 5.5
09598 5
09613 5.5
09634 7
09638 7.5
09661 6
09662 5.5
09738 5.5
09786 5.5
09803 5.5
09848 6
09855 6
09856 6.5
09880 5.5
09903 5.5
09904 5
10011 5
10020 7
10025 3.5
10033 6.5
10062 5
10095 7
10096 5
10114 5.5
10120 7.5
10121 5.5
10138 6
10142 6.5
10144 6.5
10184 6.5
10234 7.5
10246 8
10293 5.5
10295 6.5
10309 8
10355 6
10358 6
10461 5.5
10490 5
10492 5.5
10502 7.5
10508 6.5
10513 5.5
10514 6
10515 5
10517 5
10520 7
10521 5
10529 7.5
10531 6.5
10537 5.5
10539 6
10541 5.5
10544 7.5
10591 7
10594 7.5
10600 6
10637 6
10669 6
10674 8
10675 6.5
10676 7
10677 5.5
10693 5.5
10702 6.5
10704 7
10732 6
10745 6
10777 5.5
10778 6
10787 6.5
10793 5
10820 6
10856 6
10861 5
10918 6
10938 7.5
10941 3.5
10942 4.5
10954 5.5
10961 7
10962 6
10967 4
10974 5
10992 5.5
11051 7
11057 6
11060 6.5
11080 6
11081 5.5
11084 6
11087 6
11111 7
11112 5.5
11136 7.5
11165 6
11166 5.5
11170 5.5
11239 5.5
11251 5.5
11267 5.5
11288 6
11289 5
11304 7.5
11309 6
11321 8
11327 5
11379 6
11389 7
11397 5.5
11416 5.5
11425 7
11427 5.5
11436 5.5
11474 5.5
11510 7
11511 5
11546 7.5
11558 4
11560 5.5
11573 7.5
11574 5
11586 6.5
11605 6
11608 5
11636 5.5
11668 6
11669 6.5
11671 5
11672 5
11681 5.5
11683 5
11699 7
11720 7.5
11731 7.5
11732 7.5
11736 6
11745 7.5
11751 5.5
11765 6
11788 7
11804 5.5
11822 5.5
11841 6.5
11849 5.5
11852 9.5
11869 7
11870 5.5
11883 7.5
11890 6
11933 5
11940 5.5
11962 6
11963 5.5
12046 6.5
12054 4
12072 5
12088 6
12089 6
12092 6.5
12115 7
12138 7
12139 5
12150 5.5
12154 5.5
12155 5
12156 5.5
12298 5.5
12319 6.5
12328 7.5
12339 5.5
12363 3.5
12371 6
12388 7
12389 4.5
12409 6.5
12442 7
12443 5.5
12445 5
12456 6.5
12457 6
12464 5.5
12465 5
12474 7
12497 4
12508 5
12532 5.7
12545 7.5
12553 7
12585 6
12586 5
12618 5.5
12644 7.5
12645 5.5
12646 5.5
12682 5.5
12783 7
12785 5
12786 5.5
12791 7.5
12792 5.5
12804 6
12836 6
12848 5.5
12849 5
12854 8.6
12879 5
12880 6
12889 5
12903 5.5
12904 5
12930 5
12932 5.5
12983 5
12987 6
12988 5.5
13003 5
13007 4.5
13012 6.5
13027 7.5
13028 5.5
13034 5.5
13066 5.5
13067 5
13068 5
13070 6
13080 6.5
13083 5.5
13086 6.5
13089 4
13092 6
13111 6.5
13113 6
13114 5.5
13120 6
13121 5
13128 7
13148 7.5
13149 5.5
13153 6
13154 5.5
13168 5
13172 8.5
13175 6
13241 7
13242 5.5
13243 6.5
13260 5.5
13271 5.5
13272 5.5
13301 7
13302 5.5
13354 5.5
13367 6
13386 7.5
13402 6
13403 5
13552 5
13553 5.5
13589 6
13590 5.5
13600 7
13606 6.5
13618 5.5
13624 6
13637 5
13648 8
13649 5.5
13669 6.5
13718 6
13719 5.5
13736 6.5
13758 5.5
13769 5.5
13770 5.5
13771 5
13777 6
13778 5.5
13791 7.5
13818 5.5
13819 5.5
13844 7.5
13845 7.5
13874 7.5
13916 7
13917 5.5
13923 6.5
13950 6.5
13991 7
13992 5
14032 4.5
14033 5
14051 5
14059 5
14064 5
14077 6.5
14085 5
14096 5
14112 7
14128 5.5
14139 9
14143 7
14144 7.5
14147 5
14148 5.5
14160 6.5
14179 5
14180 7.5
14207 5.5
14208 5
14240 6.5
14241 5.5
14328 5.5
14372 5.5
14373 5.5
14401 7
14402 5.5
14451 6
14452 5.5
14453 5
14483 7.5
14484 5
14506 5.5
14521 5
14522 6
14532 6
14547 5.5
14551 6
14552 5.5
14619 7
14625 5.5
14670 7
14675 5
14677 5.5
14680 5.5
14690 7
14694 7
14699 5
14700 5.5
14728 7.5
14729 7.5
14759 7
14760 5.5
14780 5.5
14781 9
14786 6
14795 7.5
14819 5.5
14820 5.5
14821 6
14930 6
14931 5.5
14966 5.5
14974 5
14985 6.5
15006 5
15031 7
15032 5.5
15055 7
15056 5.5
15071 7
15078 6
15085 6.5
15099 6
15100 5.5
15144 6
15171 5
15172 6
15202 5.5
15214 5.5
15244 7
15293 5.5
15331 6
15332 5.5
15333 5
15334 6
15354 5
15360 5
15369 5
15370 5.5
15378 5
15385 5.5
15392 5
15399 5.5
15422 5.5
15427 6
15429 5.5
15453 5.5
15454 5.5
15475 5.5
15482 7
15483 5.5
15494 4.5
15495 5.5
15506 5.5
15516 6
15517 5.5
15543 5.5
15545 6
15560 5.5
15592 5
15593 5
15595 5.5
15596 7
15598 5
15625 5
15629 6.5
15677 6.5
15698 7
15752 5
15755 5
15772 5
15821 5
15822 6
15889 5
15890 5.5
15930 6
15944 5
15945 5.5
15946 5.5
15986 6.5
15994 7
16011 7
16012 5
16101 5.5
16111 5
16116 5
16117 5
16119 6
16144 5.5
16181 7
16182 4
16191 6.5
16194 6
16262 5.5
16263 5.5
16292 6
16326 5
16327 5.5
16369 5
16393 6
16408 6
16409 5.5
16457 5.5
16494 5
16495 4.5
16496 5.5
16511 5
16591 7.5
16593 6
16594 6
16611 5.5
16612 5
16613 6
16614 7.5
16615 5
16623 7
16624 7
16631 7
16647 7
16649 6.5
16681 7
16682 5.5
16719 5
16720 5.5
16728 5
16735 6
16736 5.5
16766 6
16769 6
16791 5.5
16792 5.5
16799 6.5
16860 7
16864 5
16865 6.5
16866 6.5
16881 5.5
16882 5.5
16908 5
16910 5
16917 6.5
16952 6.5
16953 5.5
16969 7.5
16986 5
16987 5.5
17046 5.5
17067 6
17083 6.5
17122 6.5
17129 5.6
17146 5
17160 5
17177 4.5
17178 6
17191 5.5
17192 5.5
17240 5.5
17241 6
17242 5.5
17290 5.5
17291 5.5
17295 5
17296 5.5
17303 7
17304 5.5
17360 5.5
17369 5
17526 5
17527 5.5
17528 5
17535 5
17536 5.5
17566 4.5
17567 5.5
17588 6
17589 5.5
17590 4
17911 5.5
17912 5.5
17969 5.5
17973 5
17974 4
17997 7
18009 7
18010 7
18025 7
18095 7
18096 5.5
18121 7
18122 6
18123 6.5
18129 7
18130 5.5
18152 5.5
18153 5.5
18161 5.5
18187 5
18214 5.5
18215 5.5
18312 6
18313 5.5
18340 6
18351 3.5
18403 5.5
18421 5
18422 5.5
18570 6.5
18583 5.5
18584 4.5
18585 6.5
18586 5
18631 5.5
18665 6
18710 5.5
18748 5.5
18749 5.5
18794 6
18820 6.5
18821 5.5
18822 6.5
18945 7.5
18951 5.5
18952 5.5
18957 5.5
18958 5.5
18959 5.5
18960 6
18961 5.5
18986 5
19017 5.5
19038 6.5
19039 5
19045 5.5
19046 5
19073 6
19090 6
19119 4.5
19120 3.5
19195 4.5
19196 6
19210 4.5
19211 5.5
19217 6
19256 7
19257 5.5
19274 5.5
19275 5
19325 5.5
19331 6.5
19336 5.5
19337 6
19397 6.5
19460 5.5
19467 6
19468 5.5
19483 6.5
19531 5.5
19573 5
19574 5
19621 6.5
19649 5
19650 3.5
19750 7
19765 6.5
19769 7
19770 5.5
19791 5.5
19822 7.5
19827 5.5
19851 6
19852 6
19910 5
19919 3.5
19922 5
19976 5
19983 5.5
20040 6.5
20046 5
20066 6.5
20069 6
20083 5.5
20103 7
20104 5
20107 6
20122 6.5
20150 5
20168 6
20169 6.5
20196 4.5
20197 5.5
20202 6
20203 5.5
20205 5.5
20238 5.5
20253 6
20261 6
20262 6.5
20263 6
20303 5
20305 6
20306 5.5
20322 6
20323 5.5
20344 6.5
20355 5.5
20357 6
20362 5.5
20432 7
20433 5
20436 6
20439 11.3
20440 11.3
20441 11.3
20442 11.3
20443 5
20453 5.5
20465 5
20466 5
20478 5.5
20479 8
20480 8
20491 5
20508 6.5
20509 5.5
20510 5.5
20511 5
20528 5
20547 10
20557 5.5
20571 5
20578 5
20580 3
20607 9.5
20608 9
20624 5
20625 3.5
20641 6.5
20642 5.5
20663 5.5
20666 5.5
20667 4.5
20670 6.5
20671 5.5
20691 5.5
20692 5.5
20705 4.5
20720 5
20721 5
20741 5.5
20763 5.5
20771 4.5
20774 7
20775 5
20777 6.5
20788 6
20791 6.5
20805 5
20826 5.5
20827 5.5
20847 5.5
20849 7
20855 5.5
20923 6.5
20929 6
20932 6
20945 5.5
20946 6.5
20963 5.5
20978 6.5
21014 7
21015 5.5
21016 5.5
21034 6
21048 5
21055 6.5
21087 6.5
21088 5
21089 6.5
21090 5
21108 5
21131 6
21132 5.5
21139 5.5
21152 7
21153 5
21222 5.5
21228 5
21231 5.5
21232 6
21233 5.5
21263 5.5
21305 5.5
21392 6
21393 4.5
21397 5.5
21398 5.5
21418 6.5
21419 5.5
21422 5
21423 5.5
21533 5.5
21574 6
21575 11.8
21610 4.5
21655 6
21656 5.5
21667 5
21668 6
21688 6
21689 6
21695 5.5
21734 5
21759 7
21775 6
21785 6
21789 6.5
21797 5
21798 6.5
21799 5.5
21805 6
21807 5.5
21808 5.5
21809 5.5
21813 5.5
21819 5.5
21820 5.5
21873 5.5
21876 5.5
21877 4.5
21891 5
21893 6.5
21903 5
21922 6
21931 5
21938 5
21949 5.5
21965 5
21984 5.5
21989 6.5
22007 5.5
22009 5.5
22011 4.5
22012 8.5
22015 5
22028 5.5
22040 5.5
22041 6
22076 5
22077 9.8
22079 4.5
22080 7
22081 5.5
22096 5.5
22097 5
22109 5
22161 7
22176 5.5
22178 6
22188 5.5
22195 8
22196 7
22205 4
22208 5
22219 4.5
22220 3.5
22232 5
22236 4.5
22237 5.5
22245 6.5
22276 5
22277 6.5
22282 4.5
22283 5.5
22284 5.5
22285 3.5
22286 5
22287 5
22307 7.5
22308 5.5
22371 8.5
22447 5.5
22487 6.5
22488 5
22519 5.5
22561 6.5
22562 7.5
22565 5.5
22566 3.5
22590 6
22591 5.5
22626 5
22627 5.5
22638 8
22639 7.5
22651 5
22675 6.5
22676 5
22693 5.5
22698 9.5
22719 5.5
22723 5
22724 5
22738 4.5
22739 6
22782 5.5
22784 5.5
22787 5.5
22788 3.5
22796 5.5
22802 5.5
22803 3.5
22823 6
22825 8.3
22826 8.3
22827 8.3
22829 10
22830 5
22889 5
22907 7.5
22915 5
22916 4.5
22927 3.5
22969 6
22970 6
22971 9.8
22988 3.5
22989 4
23005 5
23016 6
23031 6.5
23087 5
23088 3.5
23093 5
23105 7.5
23106 8
23108 6
23132 6
23168 6.5
23175 6
23179 7
23180 5
23189 6
23190 5
23191 5.5
23198 8.5
23200 4.5
23223 3.5
23230 4
23233 6
23247 4
23267 7.5
23278 7
23279 5.5
23317 5
23318 5.5
23323 6.5
23324 6
23342 5.5
23343 3.5
23404 5
23405 3.5
23411 4.5
23412 5
23413 5
23415 5.5
23420 6
23426 4.5
23431 6.5
23432 5.5
23435 6
23438 6
23439 7.5
23440 4.5
23447 5
23455 6
23461 5.5
23464 7.5
23465 9
23466 5
23467 5
23527 5.5
23533 6
23537 5.5
23545 9
23546 8.5
23547 8
23548 7.5
23560 4.5
23561 4.5
23567 3
23568 3.5
23589 5
23604 5
23605 4.9
23608 5
23628 5
23640 5
23648 4.5
23657 5
23659 5.5
23670 3.5
23696 6
23704 5
23705 3.5
23710 6
23711 5
23712 3
23713 3.5
23730 5
23731 5
23751 5.5
23752 8.5
23753 5.5
23757 6
23769 5.5
23773 6
23774 5.5
23775 6
23781 5.5
23793 5.5
23814 8
23815 7.5
23827 5.5
23828 6
23851 5
23855 3.5
23859 9.5
23862 5.5
23893 6
23908 5.5
23936 5.5
23940 6.8
23947 6
23948 5.5
23967 6
24208 6.5
24277 5
24278 10.5
24279 4
24285 7.5
24286 7
24297 5.5
24298 3.5
24304 6.5
24305 8.3
24306 5.5
24313 6.5
24320 6
24677 6.5
24678 5.5
24680 5.5
24731 5
24737 5.5
24740 6
24748 5.5
24753 6
24772 6
24773 5
24786 5.5
24792 7.5
24793 7
24794 7
24795 7
24796 7
24797 5
24800 6
24809 5
24820 6.5
24827 4
24829 5
24836 7.5
24837 7
24839 7
24840 7
24841 7
24842 7
24869 7.5
24870 7
24871 7
24872 7
24873 7
24883 6
24903 7
24904 7
24905 7
24906 7
24907 7
24914 7
24920 8.5
24921 7.5
24925 7
24926 7
24944 7
24945 7
24946 7
24948 7
24949 7
24950 7
24953 7
24954 8
24955 5.5
24965 7.5
24966 6.5
24967 7
24968 7
24969 7.5
24971 5
25019 5
25039 7
25040 7
25041 7.5
25042 7.5
25043 7
25063 4.5
25064 5
25077 7
25078 6.5
25104 7
25105 7
25106 6.5
25108 7.5
25112 9.5
25113 9
25114 8.5
25115 8.5
25116 10
25117 9.5
25118 10
25119 9
25135 5
25158 9
25159 9.5
25160 6
25161 8.5
25162 6
25163 6
25164 6
25165 6
25169 7.5
25170 7
25171 7
25172 7.5
25173 7
25175 4.5
25258 6
25260 5.5
25261 5.5
25262 6.5
25263 7.5
25272 7.5
25273 7
25274 7
25275 6.5
25276 7
25280 7
25281 7.5
25285 7.3
25286 7
25287 7
25288 7
25289 7.5
25290 7
25291 7.5
25306 6
25307 5.5
25308 6
25309 6
25312 6
25319 7
25320 7
25336 3
25337 4
25338 6
25342 7
25343 7
25344 6.5
25345 6.5
25346 7.5
25349 3.5
25359 5
25369 5.5
25391 6
25394 6.5
25395 8.5
25396 10.5
25397 10
25398 9.5
25399 9.5
25400 3.5
25406 5.5
25407 3.5
25413 9.5
25414 9
25415 10
25416 9
25417 9.5
25418 9.5
25419 9
25420 9.5
25431 7
25432 7
25467 7
25468 7
25469 7.5
25471 7
25475 8.5
25476 9
25477 9.5
25478 9
25479 8.5
25480 9
25481 8.5
25482 9
25484 7.5
25489 8.5
25490 7
25493 4.5
25501 5.5
25504 8.5
25506 7.5
25509 9.5
25510 5
25520 10
25527 6
25528 7
25530 7
25531 6.5
25544 -0.5
25560 6.5
25561 7
25567 6
25568 8.5
25569 5.5
25577 7
25578 7
25590 6
25592 5.5
25615 6.5
25616 7
25619 5.5
25621 5.5
25622 5.5
25623 5
25624 5.5
25634 4.5
25635 9
25636 10
25637 5.5
25638 5
25649 5.5
25650 5.5
25651 5.5
25652 6
25669 5.5
25676 6
25677 5.5
25678 5.5
25679 5.5
25682 5.5
25693 9
25695 6
25721 5.5
25723 5
25724 3.5
25725 3.5
25727 6
25730 6
25731 6.5
25732 5
25733 5.5
25735 8
25736 8.5
25746 3.5
25756 8.5
25757 9.8
25758 6
25759 5.5
25770 6
25771 5.5
25772 5.5
25773 5.5
25774 5.5
25777 7.5
25778 7
25789 7
25791 5.5
25851 5.5
25852 5.5
25853 5.5
25854 5.5
25860 4.5
25861 3.5
25867 4
25868 4
25872 5.5
25873 5.5
25874 6
25875 6
25876 5
25883 6
25884 6
25885 5.5
25886 6
25892 6
25893 5
25907 5.5
25908 6
25909 5.5
25910 5.5
25913 5.5
25919 6.5
25940 5.5
25941 7
25942 6
25943 6
25944 6.2
25945 6.2
25946 6
25961 5.5
25962 5.5
25963 6.5
25964 5.5
25967 5.5
25977 5.5
25978 8.5
25979 4.5
25980 9.5
25981 10.5
25982 10.5
25983 9.5
25984 10
25985 9
25986 9.5
25989 5
25991 6.5
25994 3.5
26032 7
26033 8.5
26034 8.5
26035 8
26054 5
26063 9
26064 10.5
26065 7.5
26066 7.5
26069 5
26070 3.5
26081 5.5
26082 6
26083 6
26084 6
26086 7
26102 6.5
26103 7.5
26106 6
26113 6.5
26121 6.5
26141 7
26186 8
26220 7
26222 6.5
26353 4
26356 4
26359 6
26365 7
26366 7
26374 6
26375 8
26384 7.5
26385 10
26386 10.5
26387 5.5
26415 8.5
26473 3.5
26474 3.5
26481 5.5
26536 5.5
26545 10.5
26546 10
26547 10.5
26548 9.5
26549 10.5
26550 5.5
26551 8
26561 6
26562 8
26575 5
26577 5.5
26619 7.5
26620 7
26621 9
26622 5.5
26623 5.5
26631 7.5
26635 5.5
26694 5.5
26702 7.5
26703 7
26715 3.5
26716 3.5
26736 6
26745 5.5
26818 6.5
26819 5.5
26857 5
26858 3.5
26864 5.5
26874 4.5
26880 3
26883 6
26898 8.5
26905 4.5
26906 3.5
26907 4.5
26930 10.5
26931 11
26932 9.5
26934 4.5
26948 4.5
26953 6.5
26957 6.5
26958 10
26959 8.5
26960 6
26997 5.5
26998 6.5
27000 5.5
27001 6
27002 9
27003 9.5
27004 9.5
27005 9.5
27006 3.5
27055 8
27056 8.2
27057 8
27058 8
27059 8
27060 8
27061 5.5
27168 3
27169 3.5
27367 7
27368 4.5
27369 3.5
27370 8
27371 7.5
27372 7
27373 7
27374 7
27375 7
27376 7
27386 4.5
27387 4
27391 7
27392 7
27421 5.5
27422 4.5
27424 4
27430 7.5
27431 5.5
27432 4.5
27433 5.5
27434 7.5
27436 6
27437 5.5
27450 7.5
27451 7
27453 6.5
27464 8
27465 8.5
27466 5
27470 5
27473 4.5
27534 7
27535 5.5
27540 4
27550 5.5
27559 9
27560 9
27561 5
27597 3.5
27598 10.5
27599 9.5
27600 10
27601 3.5
27605 9.5
27606 10.5
27607 10.5
27608 9
27609 6.5
27610 5.5
27611 7
27612 10.5
27640 5.5
27643 10
27644 5.5
27646 5
27651 8
27652 7.5
27664 10.5
27665 5.5
27680 6.5
27691 5
27693 5.5
27698 4.5
27699 4
27700 3.5
27711 3.5
27712 3.5
27775 6
27783 7.5
27784 7.5
27785 5.5
27786 5.5
27787 5.5
27818 6.5
27819 5.5
27821 4.5
27840 5.5
27842 9.5
27843 9
27844 10
27845 10
27846 10
27847 10
27848 10
27858 9.5
27859 7
27868 7.5
27869 7.5
27870 5.5
27875 4.5
27877 5.5
27937 3
27938 3.5
27939 9
27940 5.5
27941 10.5
27942 10
27943 10
27944 10.5
27945 10
28050 6
28051 6.5
28054 6.5
28057 7.5
28058 8.5
28059 5.5
28060 7
28061 5.5
28095 4.5
28096 3.5
28097 4.5
28098 7.5
28116 4.5
28117 5.5
28118 3.5
28137 5.5
28156 6.5
28158 3
28161 6
28188 5
28220 8
28221 8.5
28222 5
28230 5
28234 2.5
28237 6.5
28243 6
28254 7
28255 7
28352 4.5
28353 3.5
28359 4.5
28366 10
28367 6.5
28368 9
28369 10.5
28370 10.5
28371 10.5
28372 10
28373 9
28374 6.5
28375 10
28376 5
28380 7.5
28381 5.5
28385 4
28395 5
28413 8.5
28414 6.5
28415 5
28416 6
28419 7.5
28420 7.5
28421 5.5
28454 9.5
28455 9.5
28470 5.5
28471 5.5
28477 4.5
28479 7
28480 4.5
28485 4.5
28492 5.5
28493 9.5
28494 8.5
28495 8.5
28496 8.5
28497 8.5
28498 8.5
28499 4.5
28500 5.5
28521 7
28522 5.5
28523 8.5
28528 5
28537 5
28538 3.5
28541 5
28546 4
28636 8
28637 7.6
28642 8.5
28643 8.5
28646 3.5
28647 3.5
28649 5.5
28650 9
28651 5.5
28654 5.5
28661 4.5
28737 5.5
28738 4
28773 5
28809 6.5
28810 8
28811 6.5
28812 7.5
28813 6
28822 7
28870 4.5
28890 8
28891 7
28892 10.5
28893 7.5
28894 7.5
28895 10
28898 5.5
28908 6.8
28909 6.8
28910 5.5
28926 4.5
28931 4
28932 4.5
28939 5.5
28944 5
28980 9
28981 9
28982 9
28983 7
29047 8.5
29048 9.5
29049 9
29050 9.5
29051 9.5
29052 9.5
29053 7.5
29054 8.5
29079 7.5
29080 7.5
29092 4.5
29093 4
29107 6.5
29108 7
29110 6
29159 7
29228 4.5
29230 5.5
29240 6
29241 7
29242 5
29249 3.5
29250 4
29252 5.5
29253 7
29256 7.5
29268 7
29269 6
29271 4.5
29393 4.5
29394 4.2
29479 7
29499 5.5
29505 8
29506 7
29507 3.5
29508 5.5
29522 6
29528 4.5
29649 4.5
29658 6.5
29659 5.5
29678 7.5
29709 9.5
29710 8
29712 8.5
29713 5.5
30586 5.5
30587 5.5
30772 7
30773 10
30774 7
30775 9
30776 8.5
30777 8
30778 4
31103 5
31113 6.5
31114 4
31117 6
31118 9.5
31119 10.5
31121 10.5
31122 10.5
31123 6
31124 10.5
31125 10.5
31126 10.5
31127 10.5
31128 10.5
31129 10.5
31130 10.5
31132 10.5
31133 10.5
31134 8
31140 7
31304 7
31305 7
31490 6.5
31571 6
31573 6
31574 6
31576 6
31598 4.5
31698 8
31699 6
31700 8
31701 4.5
31702 3.5
31708 4.5
31789 6.5
31790 7
31791 7.5
31792 4
31793 3.5
31798 5.5
31863 4.5
32052 6
32053 5.5
32060 6.5
32062 7
32063 5.5
32258 4.5
32263 5.8
32264 5.8
32265 5.8
32266 5.8
32283 7
32284 5.5
32287 6.5
32288 3.5
32289 6.5
32290 5.5
32300 4.5
32373 5.5
32376 5.5
32378 4.5
32379 4
32382 6
32387 5.5
32476 6.5
32477 6
32706 3.7
32707 4
32750 8
32751 6
32765 7
32766 7
32783 7.5
32784 9.5
32785 9.5
32786 9.5
32787 9.5
32788 9.5
32789 9.5
32790 9.5
32791 9.5
32792 6.5
32953 9.5
32954 8
32955 8.5
32956 8.5
32957 5.5
32958 5
32959 5
33053 6
33060 9
33061 9.5
33062 9.5
33063 9
33064 9.5
33065 9.5
33066 5
33105 6
33106 5.5
33244 7.5
33245 5.5
33272 4.5
33312 9
33313 9
33314 9
33315 9
33316 9
33317 8
33318 7.5
33319 5.5
33320 7.5
33321 7.5
33323 6
33331 6
33393 7.5
33396 7
33397 6
33398 6
33406 6.5
33408 7
33409 6
33410 4
33411 5.5
33412 6.5
33433 8
33434 7.5
33435 4
33437 5
33446 6
33454 5
33456 6
33490 4.5
33491 4.5
33492 6
33493 9.5
33494 9
33495 9.5
33496 9.5
33497 7.5
33498 9.5
33499 9.5
33500 3.5
33504 6
33505 5.5
33591 6
33597 5
33773 6.5
33774 6.5
33776 6.5
33777 6.5
33850 6.5
33886 6.5
34071 6.5
34078 7
34602 6.5
34713 4.5
34807 7
34808 9
34809 6.3
34810 5.5
34839 6.5
34840 5.5
34903 6
34943 5
35001 6
35002 9.5
35006 7.5
35495 5
35498 7
35499 7
35500 7
35501 5.5
35635 7
35636 7
35637 5.5
35681 9.5
35682 9.5
35683 9.5
35684 9.5
35685 9.5
35686 9.5
35687 7
35688 6.5
35689 7
35815 5
35931 6
35932 9.5
35933 9.5
35934 9.5
35935 9.5
35936 5.5
35937 6
35938 6
35946 6.5
35951 6
36036 7
36037 7
36038 7.5
36039 6
36088 6.5
36089 3.5
36095 3.5
36103 5
36104 5.5
36105 4.2
36108 4
36109 3.5
36110 6.5
36119 6.5
36120 5.5
36121 6
36122 8
36123 5.5
36124 5.5
36125 4.5
36133 5
36363 6
36413 5.5
36414 5.5
36415 5.5
36416 4.5
36417 6.5
36418 6.5
36501 5
36508 6
36509 5.5
36510 5.5
36519 6.5
36520 5.5
36585 5.5
36586 3.5
36588 6
36589 5.5
36594 4.5
36596 6.5
36597 5
36598 9.5
36599 9.5
36600 5.5
36601 6
36602 7
36605 7
36606 5.5
36607 6
36794 5
36795 7.5
36796 10
36797 10
36798 9
36799 10.5
36800 5.5
36801 7.5
36827 9.5
36834 5.5
36835 4.5
36868 4.5
36869 3.5
36985 6
37152 7
37153 7
37154 7
37155 5.5
37162 4
37165 5.5
37166 10.5
37167 10.5
37168 6
37169 6.5
37179 6.5
37180 6
37181 5.5
37182 6.5
37187 4.5
37188 5.8
37189 5.8
37190 5.8
37191 5.8
37192 5.8
37193 5.8
37198 4.5
37214 5.5
37215 4.5
37216 6.5
37220 4.5
37222 6
37227 7.5
37228 6
37229 6
37232 4.5
37233 5
37253 3.5
37260 4.5
37348 4.5
37362 6
37363 6
37364 9
37375 5
37377 4.5
37380 7.5
37386 4.5
37387 6.5
37388 7.5
37389 7.5
37390 6.5
37391 4.5
37481 4.5
37604 5
37673 4
37728 6.5
37729 5.5
37730 5.5
37731 3.5
37739 5.8
37740 5.8
37741 5.8
37742 5.8
37743 5.8
37744 5.8
37750 4.5
37755 2.5
37756 5.5
37765 5.5
37766 4.5
37781 4.5
37782 4
37788 9
37789 9
37790 9
37791 9
37792 9.5
37793 9.5
37794 7.5
37795 5.5
37796 6.5
37797 6.5
37800 5
37807 4.5
37813 5.5
37814 4.2
37815 5.2
37818 6
37819 5.5
37820 4
37828 5
37833 5.2
37838 6.5
37839 7.5
37840 9
37841 9
37842 6.5
37845 5
37849 5.5
37851 9.5
37852 9.5
37853 9.5
37854 10
37855 10
37857 4.5
37871 5
37874 8.5
37875 6
37877 5
37883 5.5
37930 8.5
37931 7
37932 5
37935 5
37941 6.5
37942 4.5
37953 5
38007 7.5
38008 7.5
38009 7.5
38010 7.5
38011 7.5
38012 6.5
38013 7
38036 6
38038 6
38039 4.5
38040 7.5
38041 7.5
38042 7.5
38043 7.5
38044 7.5
38045 7.5
38046 6.5
38047 9
38048 4.5
38051 8.5
38070 4.5
38071 4
38075 8.5
38077 9.5
38078 9
38086 6
38089 5
38094 4.5
38096 4.5
38100 5
38109 4
38222 4.5
38246 5
38248 6.5
38249 6
38256 7
38257 5.5
38258 9.5
38259 5
38291 4.5
38335 5
38337 5.5
38338 6.5
38339 9.5
38340 8.5
38341 4.5
38343 5
38344 5
38345 5
38346 5
38347 6
38348 4
38349 4
38350 7.5
38351 7.5
38354 5.5
38355 4.5
38466 4
38528 4
38529 4
38654 5
38671 4.5
38706 4.5
38707 7
38708 7.5
38709 8
38710 8
38711 7
38733 7.5
38734 7
38735 7.5
38736 7
38737 5
38738 4.5
38744 5
38745 5.5
38746 6.5
38747 6.5
38751 7.5
38755 5.5
38756 9.5
38757 6
38758 4.5
38770 3.5
38771 5.5
38773 4.5
38782 6
38852 9.5
38853 9.5
38854 9.5
38855 9.5
38856 9.5
38860 6
38861 6.5
38862 4.5
38863 6
38864 6
38865 9.5
38866 9.5
38869 5
38871 5.5
38951 6.5
38979 5
38997 5.5
38998 8
38999 8
39000 4
39010 5
39011 5.5
39012 5.5
39013 5.5
39014 4.5
39015 6.5
39016 6.5
39019 4.5
39025 4.5
39026 7.5
39027 6.5
39028 9.5
39029 9.5
39030 6
39057 8
39058 8
39059 8
39060 5.5
39061 5.5
39062 5.5
39063 4
39068 8
39069 7
39072 7.5
39073 7.5
39074 7.5
39075 7.5
39076 7.5
39077 7.5
39084 6.5
39086 7.5
39087 8
39088 8
39089 8
39090 9.5
39091 9.5
39092 9.5
39093 6
39094 7.5
39115 6.5
39116 6.5
39120 4
39121 3.5
39124 5
39129 5
39130 5
39131 9
39132 9
39133 8.5
39134 9
39135 9
39136 9
39137 4.5
39138 9
39140 9
39141 9
39150 5.5
39151 8.5
39152 9
39153 9
39154 4.5
39159 7.5
39160 7.5
39161 9.5
39162 6.5
39165 5
39168 4.5
39169 4
39174 5
39186 4.5
39187 5
39202 5.5
39203 4.5
39206 4
39207 3.5
39232 5.5
39239 5.5
39240 5.5
39241 5.5
39242 4.5
39243 6.5
39244 6.5
39260 5.5
39261 4.5
39287 4.5
39363 5.5
39364 4.5
78701 6.5
90004 3.5
90006 5.5
90007 5
90020 3.5
90040 4.5
90046 4
90057 5
90059 4.5
90061 4.5
90070 4
90077 5
90081 4
90085 3.5
90086 4
90090 5.5
90092 6.5
96031 3.5
96058 3.5
